-130 -102
-268 -319
-390 -593
-85 -556
-22 -537
-41 -964
-440 -1215
-636 -965
-764 -959
-833 -1113
-913 -1273
-980 -1304
-1221 -1071
-1250 -985
-1379 -915
-1224 -787
-630 -615
-739 -208
-834 102
-44 270
351 353
347 679
498 663
848 824
865 515
784 172
656 -35
693 -200
1011 3
1055 -114
1173 -289
1337 -350
1434 -259
1599 115
1376 210
1336 147
1261 276
1342 632
1759 611
1965 663
1967 806
1733 1069
1623 1167
1432 1057
1573 1341
1928 1456
1461 1991
1259 1814
222 1664
11 1364
-118 898
-560 1039
-473 1265
-429 1384
-475 1416
-651 1403
-582 1644
-1260 1668
-1292 1995
-1908 1714
-1847 1177
-1708 989
-1358 1200
-1149 1131
-1069 884
-1437 508
-1520 399
-1678 501
-1941 543
-1869 302
-1749 119
-1939 -149
-1949 -522
-1663 -772
-1733 -958
-1653 -1303
-1423 -1596
-1505 -1985
-1249 -1744
-1196 -1698
-588 -1827
-568 -1951
-297 -1734
213 -1792
276 -1626
427 -1765
604 -1532
1016 -1986
1031 -1785
1128 -1766
1488 -1680
1604 -1743
1502 -1603
1193 -1381
872 -865
1079 -763
1726 -1018
1920 -829
1851 -617
1996 -395
