118 29
120 32
124 48
132 55
136 55
141 26
164 27
177 36
182 38
178 54
191 51
204 85
213 106
207 104
187 100
182 111
178 104
177 93
181 91
180 87
165 83
160 73
139 65
140 68
138 73
148 75
148 79
146 95
154 95
154 92
158 94
165 107
158 120
168 137
181 145
190 135
182 127
189 128
201 126
202 137
208 142
211 141
229 143
234 140
233 149
226 159
235 163
235 173
245 180
251 181
257 192
267 211
249 208
234 210
234 218
222 215
217 208
224 205
217 197
221 194
216 185
224 180
225 175
213 167
204 155
194 164
189 167
180 162
186 186
186 186
204 208
205 213
213 225
215 247
237 253
243 261
239 244
253 238
261 229
267 242
265 243
264 245
266 250
279 256
277 274
268 271
269 279
274 282
272 294
270 294
253 300
249 315
251 327
255 332
272 317
277 316
276 304
293 309
299 303
313 312
329 335
326 351
320 352
308 349
306 351
294 330
283 342
291 359
285 362
271 368
272 378
294 374
301 374
300 377
311 386
324 384
344 363
346 357
339 354
341 346
342 334
347 327
361 330
357 319
371 310
370 297
371 294
370 290
348 294
342 293
346 288
349 289
355 275
357 266
357 264
352 254
348 252
353 243
381 239
382 226
387 224
375 217
375 198
378 172
395 160
392 159
390 148
399 144
402 141
396 131
406 132
416 140
424 140
413 132
408 124
408 120
420 119
423 119
431 119
440 107
433 102
414 100
437 73
438 64
437 45
454 51
462 43
471 40
480 38
483 37
473 52
479 60
477 64
468 59
461 60
462 61
463 78
467 79
478 85
457 95
462 107
466 118
466 120
455 141
450 164
431 163
415 181
413 186
400 187
408 193
417 191
431 215
421 219
417 221
401 236
391 244
401 244
409 245
414 248
416 255
399 261
398 256
388 258
377 254
375 261
370 272
366 274
383 277
389 281
400 290
395 301
383 327
368 339
359 341
359 352
373 358
366 366
361 365
361 368
370 371
362 382
363 385
353 394
351 408
343 411
329 405
324 408
319 421
329 425
344 436
340 438
333 461
325 462
320 453
303 456
303 445
317 431
313 428
306 418
296 422
293 432
283 432
284 436
283 436
277 454
291 467
296 468
303 466
296 477
293 486
300 490
304 496
311 491
317 485
321 498
315 506
300 524
301 524
302 525
301 532
296 538
287 538
282 529
273 498
256 503
257 513
263 523
260 529
256 527
254 528
249 531
236 538
236 544
232 555
247 559
256 546
265 541
268 545
274 540
275 548
290 557
279 564
262 555
260 564
257 563
256 571
248 573
243 579
233 568
225 580
225 582
201 569
186 583
187 575
185 575
181 550
190 545
180 534
191 534
205 531
